Input data files:	deep_web.txt, sapokanikan.txt, we_disappear.txt, 
Total number of arrays -->	7795
Sum of values from all arrays -->	2891841165.0	769085192.0	551859625.0	558647944.0	312771743.0	372286637.0	239530123.0	129471527.0	90183453.0	45088350.0	30065474.0	25500689.0	23187917.0	19569595.0	17716420.0	15353140.0	13536686.0	12899224.0	12233235.0	11452812.0	11006672.0	10653418.0	10428832.0	10169187.0	9944339.0	9781392.0	9657567.0	9527251.0	9433137.0	9379844.0	9359369.0	9322500.0	
Average values -->	370986.679282	98663.9117383	70796.6164208	71667.4719692	40124.6623477	47759.6711995	30728.6880051	16609.5608724	11569.3974343	5784.26555484	3857.02039769	3271.41616421	2974.7167415	2510.53175112	2272.79281591	1969.61385504	1736.5857601	1654.80744067	1569.36946761	1469.25105837	1412.01693393	1366.69890956	1337.88736369	1304.57819115	1275.733034	1254.82899294	1238.94381013	1222.22591405	1210.1522771	1203.31545863	1200.68877486	1195.95894804	
Total deviations -->	1256336800.05	346834646.347	335853618.502	442200820.196	201077050.845	275261120.954	175973069.334	87709902.5055	72711905.5451	31965532.2168	19735716.2207	16340666.2886	14891667.4928	12122464.3528	10875860.1924	9245888.63117	8397952.5914	8082975.77627	7599528.64529	7344280.53291	7124749.00064	6922911.74137	6713185.24131	6569190.12957	6439993.67928	6320421.05965	6213340.66325	6138404.10391	6078269.89814	6025886.4916	5986869.48326	5975911.89096	
Standard deviations -->	401.462496369	210.937200175	207.57113312	238.178037288	160.610226176	187.91626735	150.250195162	106.075784995	96.5816684035	64.0372848987	50.3174224755	45.7853797536	43.7082688248	39.4355042227	37.3528503865	34.4402479304	32.8230284767	32.2016094807	31.2237649111	30.6949244632	30.2326853964	29.8013774244	29.3464961554	29.0300548283	28.7431698204	28.4750795466	28.232837148	28.0620683447	27.9242765539	27.8036884591	27.7135292374	27.6881559906	
________________________________________________________________________________________________________________________________________________________________________________________________________
CONFIG VALUES:
LED "typical" upper bound -->	22
Common divisor -->	16881
Weighting -->	1	4	5	5	9	8	12	22	32	64	95	112	123	146	161	185	210	220	232	248	258	266	272	278	285	289	293	297	300	302	302	304	