Input data files:	adrian_sonata.txt, 
Total number of arrays -->	6003
Sum of values from all arrays -->	2237134262.0	304915894.0	260850145.0	276147233.0	351963844.0	154510284.0	68274514.0	55143506.0	34651258.0	20347245.0	15129942.0	13712358.0	12607642.0	11756810.0	11078487.0	10458071.0	9926043.0	9507261.0	9139315.0	8819727.0	8549863.0	8308105.0	8142571.0	7935971.0	7765878.0	7634552.0	7535155.0	7445844.0	7368885.0	7324335.0	7308082.0	7285184.0	
Average values -->	372669.375646	50793.9187073	43453.2975179	46001.5380643	58631.3250042	25738.8445777	11373.3989672	9185.99133766	5772.32350491	3389.51274363	2520.3968016	2284.25087456	2100.22355489	1958.48908879	1845.49175412	1742.14076295	1653.51374313	1583.75162419	1522.4579377	1469.21989005	1424.26503415	1383.99217058	1356.41695819	1322.00083292	1293.66616692	1271.78943861	1255.23155089	1240.35382309	1227.53373313	1220.11244378	1217.40496418	1213.59053806	
Total deviations -->	700784176.5	103007583.809	85116115.7521	101250673.186	137965520.927	63578505.8251	29521503.9917	22023916.0683	15972210.7196	10412889.0405	9522736.64868	8783043.51724	8184512.56572	7642005.88606	7183610.71664	6808123.83941	6487138.08396	6193221.57421	5938943.31834	5714020.02399	5516849.97435	5345855.57688	5184267.50458	5076136.20523	4974723.6052	4883500.47543	4793624.29585	4738563.52024	4695421.12144	4653326.42879	4625310.32217	4611090.76795	
Standard deviations -->	341.67088441	130.993705801	119.075311577	129.871778529	151.600666578	102.91317737	70.1269689163	60.5707707472	51.5820198088	41.6486998554	39.8287535579	38.2506082526	36.9242972277	35.6795618262	34.5929200519	33.6767018344	32.8732316023	32.1198965102	31.4536042733	30.8522404421	30.315268232	29.8417604063	29.3872893903	29.0792004863	28.787258427	28.5220965378	28.2584166857	28.0956563147	27.9674649791	27.8418178535	27.7578782293	27.7151774748	
________________________________________________________________________________________________________________________________________________________________________________________________________
CONFIG VALUES:
LED "typical" upper bound -->	22
Common divisor -->	16955
Weighting -->	1	7	9	8	6	14	33	40	64	109	146	161	175	187	198	210	221	231	240	249	256	264	269	276	282	287	291	294	297	299	300	300	